{"0":{"it":[],"id":[]},"1":{"it":[],"id":[]},"2":{"it":[[-1,0,0,-5819.918945,0,1,0.000001,-3.53125,0,0.000001,-1,4786583]],"id":[3]},"4":{"it":[],"id":[]},"5":{"it":[],"id":[]},"6":{"it":[[-1,0,-0.000001,-5823.123535,0,1,0.000002,4.191406,0.000001,0.000002,-1,-4556508.5]],"id":[11]},"7":{"it":[],"id":[]},"8":{"it":[],"id":[]},"9":{"it":[],"id":[]},"10":{"it":[],"id":[]},"12":{"it":[],"id":[]},"13":{"it":[],"id":[]},"14":{"it":[],"id":[]},"15":{"it":[],"id":[]},"16":{"it":[],"id":[]},"17":{"it":[],"id":[]},"18":{"it":[],"id":[]},"19":{"it":[],"id":[]},"20":{"it":[],"id":[]},"21":{"it":[],"id":[]},"22":{"it":[],"id":[]},"23":{"it":[],"id":[]},"24":{"it":[],"id":[]},"25":{"it":[[0.999997,0,-0.000002,5.861328,0,0.999997,0.000001,-38329.453125,0.000002,-0.000001,0.999997,8.255859],[-1.000001,0,0.000012,-31.325195,0,1.000001,-0.000004,10,-0.000012,-0.000004,-1.000001,4.898438],[-1,0.000001,0.000013,-34.287354,0.000001,1,-0.000002,-38322.039062,-0.000013,-0.000002,-1,-0.441406],[-0.000012,-0.000004,-1.000001,2420242.5,-0.990269,-0.139173,0.000012,1552524,-0.139173,0.990269,-0.000002,1271567],[-0.000013,-0.000004,-1.000001,2468739.75,-0.990269,-0.139173,0.000013,1552522.25,-0.139173,0.990269,-0.000002,1271566.375],[-0.000013,-0.000003,-1.000002,2905211.75,-0.99027,-0.139172,0.000013,1552522,-0.139172,0.99027,-0.000001,1271563.5],[-0.000012,-0.000004,-1.000001,2953705.75,-0.990269,-0.139173,0.000012,1552524,-0.139173,0.990269,-0.000002,1271566.625],[-0.000013,-0.000004,-1.000001,3002203,-0.990269,-0.139173,0.000013,1552521.25,-0.139173,0.990269,-0.000002,1271567.125],[-0.000013,-0.000003,-1.000002,2517237.5,-0.99027,-0.139173,0.000013,1552522,-0.139173,0.99027,-0.000002,1271565.5],[-0.000013,-0.000003,-1.000001,2565732.5,-0.990269,-0.139173,0.000013,1552522.625,-0.139173,0.990269,-0.000002,1271565.75],[-0.000012,-0.000004,-1.000002,2614231.25,-0.99027,-0.139172,0.000013,1552522.625,-0.139172,0.99027,-0.000002,1271566.875],[-0.000012,-0.000003,-1.000002,2662728,-0.99027,-0.139173,0.000013,1552523.25,-0.139173,0.99027,-0.000002,1271565.75],[-0.000012,-0.000003,-1.000001,2711224.25,-0.99027,-0.139173,0.000013,1552523.125,-0.139173,0.99027,-0.000001,1271564.625],[-0.000012,-0.000003,-1.000001,2759720,-0.990269,-0.139173,0.000013,1552523.25,-0.139173,0.990269,-0.000001,1271564.875],[-0.000012,-0.000004,-1.000001,2808218,-0.99027,-0.139172,0.000013,1552523.125,-0.139172,0.99027,-0.000002,1271566.25],[-0.000012,-0.000003,-1.000001,2856714.5,-0.990269,-0.139173,0.000012,1552524,-0.139173,0.990269,-0.000002,1271565.75],[-0.000012,-0.000004,-1,2420239,-0.990268,-0.139173,0.000013,1559846.875,-0.139173,0.990268,-0.000002,1219973.625],[-0.000012,-0.000004,-1,2468738,-0.990269,-0.139173,0.000013,1559846.25,-0.139173,0.990269,-0.000002,1219973.625],[-0.000012,-0.000003,-1,2905207.5,-0.990268,-0.139172,0.000013,1559846.75,-0.139172,0.990268,-0.000002,1219973],[-0.000012,-0.000004,-1,2953703,-0.990268,-0.139172,0.000012,1559848,-0.139172,0.990268,-0.000002,1219974.125],[-0.000013,-0.000004,-1,3002202,-0.990268,-0.139173,0.000014,1559844.25,-0.139173,0.990268,-0.000002,1219974.25],[-0.000012,-0.000003,-1,2517233.5,-0.990268,-0.139172,0.000013,1559846.625,-0.139172,0.990268,-0.000001,1219971.625],[-0.000012,-0.000004,-1,2565730.75,-0.990268,-0.139172,0.000013,1559846.125,-0.139172,0.990268,-0.000002,1219974.875],[-0.000012,-0.000003,-1,2614227.25,-0.990268,-0.139173,0.000013,1559847.125,-0.139173,0.990268,-0.000002,1219973.375],[-0.000012,-0.000003,-1,2662724.75,-0.990268,-0.139173,0.000013,1559846.875,-0.139173,0.990268,-0.000001,1219971.875],[-0.000012,-0.000003,-1,2711220,-0.990268,-0.139172,0.000013,1559846.75,-0.139172,0.990268,-0.000001,1219971.75],[-0.000012,-0.000003,-1,2759716.75,-0.990268,-0.139172,0.000013,1559846.875,-0.139172,0.990268,-0.000002,1219973.375],[-0.000012,-0.000004,-1,2808214,-0.990268,-0.139173,0.000013,1559847.25,-0.139173,0.990268,-0.000002,1219973.625],[-0.000012,-0.000003,-1,2856711.5,-0.990269,-0.139173,0.000012,1559847.625,-0.139173,0.990269,-0.000001,1219971.25],[-0.000013,-0.000004,-0.999999,2420237.5,-0.990267,-0.139172,0.000013,1567052.5,-0.139172,0.990267,-0.000002,1168235.125],[-0.000013,-0.000003,-1,2468735.25,-0.990268,-0.139172,0.000013,1567053.125,-0.139172,0.990268,-0.000002,1168234.5],[-0.000013,-0.000003,-1,2905208.25,-0.990268,-0.139173,0.000013,1567053.375,-0.139173,0.990268,-0.000001,1168233.5],[-0.000012,-0.000003,-1,2953703,-0.990268,-0.139172,0.000012,1567054.375,-0.139172,0.990268,-0.000002,1168234.25],[-0.000014,-0.000004,-1,3002200.25,-0.990268,-0.139172,0.000014,1567050.25,-0.139172,0.990268,-0.000002,1168235.25],[-0.000013,-0.000004,-1,2517235,-0.990268,-0.139174,0.000013,1567053.125,-0.139174,0.990268,-0.000002,1168235],[-0.000013,-0.000003,-1,2565729,-0.990268,-0.139173,0.000013,1567053.125,-0.139173,0.990268,-0.000001,1168232.875],[-0.000012,-0.000004,-1,2614227,-0.990268,-0.139172,0.000013,1567053,-0.139172,0.990268,-0.000002,1168235.375],[-0.000013,-0.000004,-1,2662723.75,-0.990268,-0.139173,0.000013,1567053.25,-0.139173,0.990268,-0.000002,1168234.625],[-0.000013,-0.000003,-1,2711220.25,-0.990268,-0.139173,0.000013,1567053,-0.139173,0.990268,-0.000001,1168233.25],[-0.000013,-0.000003,-1,2759716.25,-0.990268,-0.139173,0.000013,1567053.5,-0.139173,0.990268,-0.000001,1168233.375],[-0.000012,-0.000004,-1,2808214.5,-0.990268,-0.139172,0.000013,1567053,-0.139172,0.990268,-0.000002,1168235.875],[-0.000012,-0.000004,-1,2856710.5,-0.990268,-0.139173,0.000012,1567055.25,-0.139173,0.990268,-0.000002,1168235.125],[-0.000013,-0.000003,-1.000002,2420244.25,-0.99027,-0.139172,0.000013,1574238.875,-0.139172,0.99027,-0.000001,1117152.125],[-0.000013,-0.000003,-1.000001,2468739.75,-0.990269,-0.139172,0.000014,1574236.875,-0.139172,0.990269,-0.000001,1117150.5],[-0.000013,-0.000003,-1.000001,2905210.5,-0.990269,-0.139172,0.000013,1574237.375,-0.139172,0.990269,-0.000001,1117152.375],[-0.000013,-0.000003,-1.000002,2953708.25,-0.99027,-0.139173,0.000013,1574238.5,-0.139173,0.99027,-0.000002,1117152.625],[-0.000014,-0.000002,-1.000001,3002204.75,-0.99027,-0.139172,0.000014,1574235.875,-0.139172,0.99027,0,1117149.625],[-0.000013,-0.000003,-1.000001,2517236.5,-0.990269,-0.139172,0.000013,1574237,-0.139172,0.990269,-0.000002,1117152.875],[-0.000013,-0.000003,-1.000002,2565734.25,-0.99027,-0.139172,0.000014,1574237,-0.139172,0.99027,-0.000001,1117152.25],[-0.000013,-0.000003,-1.000001,2614229.5,-0.990269,-0.139173,0.000013,1574238,-0.139173,0.990269,-0.000001,1117151],[-0.000013,-0.000003,-1.000001,2662726.75,-0.990269,-0.139172,0.000013,1574237.75,-0.139172,0.990269,-0.000001,1117150.5],[-0.000013,-0.000003,-1.000001,2711223.75,-0.990269,-0.139172,0.000013,1574237.75,-0.139172,0.990269,-0.000001,1117152.25],[-0.000013,-0.000003,-1.000001,2759721.25,-0.99027,-0.139173,0.000013,1574238.125,-0.139173,0.99027,-0.000001,1117152.125],[-0.000013,-0.000002,-1.000002,2808218,-0.99027,-0.139172,0.000013,1574237.125,-0.139172,0.99027,-0.000001,1117149.625],[-0.000013,-0.000003,-1.000001,2856713.5,-0.990269,-0.139172,0.000013,1574238.375,-0.139172,0.990269,-0.000001,1117152.25],[-0.000013,-0.000003,-1.000002,2420244,-0.99027,-0.139172,0.000013,1581303.125,-0.139172,0.99027,-0.000001,1066502.5],[-0.000013,-0.000003,-1.000002,2468740.75,-0.99027,-0.139171,0.000014,1581300.5,-0.139171,0.99027,-0.000001,1066500.25],[-0.000013,-0.000004,-1.000001,2905211.75,-0.99027,-0.139172,0.000013,1581301.875,-0.139172,0.99027,-0.000002,1066504],[-0.000013,-0.000004,-1.000001,2953707.75,-0.990269,-0.139172,0.000013,1581302.875,-0.139172,0.990269,-0.000002,1066503.75],[-0.000014,-0.000003,-1.000001,3002204,-0.990269,-0.139172,0.000014,1581300.25,-0.139172,0.990269,-0.000001,1066502.75],[-0.000013,-0.000003,-1.000001,2517235.75,-0.990269,-0.139172,0.000013,1581301.875,-0.139172,0.990269,-0.000002,1066503.125],[-0.000013,-0.000004,-1.000001,2565733.25,-0.99027,-0.139172,0.000013,1581301,-0.139172,0.99027,-0.000002,1066503.375],[-0.000013,-0.000004,-1.000001,2614231,-0.99027,-0.139172,0.000013,1581302.5,-0.139172,0.99027,-0.000002,1066504.25],[-0.000013,-0.000003,-1.000001,2662726.75,-0.99027,-0.139172,0.000013,1581301.75,-0.139172,0.99027,-0.000001,1066500.5],[-0.000013,-0.000004,-1.000001,2711223,-0.990269,-0.139172,0.000013,1581302.625,-0.139172,0.990269,-0.000002,1066504.5],[-0.000013,-0.000004,-1.000001,2759720.5,-0.990269,-0.139172,0.000013,1581302.25,-0.139172,0.990269,-0.000002,1066504],[-0.000013,-0.000004,-1.000002,2808219.5,-0.99027,-0.139172,0.000013,1581302,-0.139172,0.99027,-0.000002,1066503.5],[-0.000013,-0.000003,-1.000002,2856715,-0.99027,-0.139171,0.000013,1581302.375,-0.139171,0.99027,-0.000001,1066500.875]],"id":[26,40,41,460,461,462,463,464,465,466,467,468,469,470,471,472,473,474,475,476,477,478,479,480,481,482,483,484,485,486,487,488,489,490,491,492,493,494,495,496,497,498,499,500,501,502,503,504,505,506,507,508,509,510,511,512,513,514,515,516,517,518,519,520,521,522,523,524]},"27":{"it":[],"id":[]},"28":{"it":[],"id":[]},"29":{"it":[[-1.000004,0,0,0.03575,0,1.000004,0,0.828125,0,0,-1.000004,11.010742]],"id":[44]},"30":{"it":[[1,0,0,-22949.59375,0,1,0,-0.099365,0,0,1,0.013762],[1,0,0,-45899.117188,0,1,0,-0.037903,0,0,1,-0.758211],[1,0,0,-178510.140625,0,1,0,-0.009766,0,0,1,0.511452],[1,0,0,-201459.59375,0,1,0,-0.046875,0,0,1,0.257369],[1,0,0,-224409.609375,0,1,0,-0.092529,0,0,1,0.014343],[1,0,-0.000001,-76953.8125,0,1,-0.000004,25790.666016,0.000001,0.000004,1,47798.78125],[1,0,-0.000001,-99751.421875,0,1,-0.000004,25790.652344,0.000001,0.000004,1,47798.527344],[1,0,-0.000001,-122548.992188,0,1,-0.000004,25790.787109,0.000001,0.000004,1,47798.503906],[1,0,-0.000001,-145346.5,0,1,-0.000004,25790.724609,0.000001,0.000004,1,47798.515625],[-0.999999,0,-0.000001,3.94043,0,0.999999,-0.000001,3.688843,0.000001,-0.000001,-0.999999,-2.054393],[-0.999999,0,-0.000001,22953.480469,0,0.999999,-0.000001,3.569458,0.000001,-0.000001,-0.999999,-1.555184],[-1,0,-0.000001,45902.976562,0,1,-0.000001,3.526306,0.000001,-0.000001,-1,-1.051883],[-0.999999,0,-0.000001,178514.21875,0,0.999999,-0.000001,3.564453,0.000001,-0.000001,-0.999999,-1.557054],[-0.999999,0,-0.000001,201463.890625,0,0.999999,-0.000001,3.655762,0.000001,-0.000001,-0.999999,-2.059331],[-0.999999,0,-0.000001,224413.46875,0,0.999999,-0.000001,3.611816,0.000001,-0.000001,-0.999999,-1.804383],[-1,0,-0.000002,76960.09375,0,1,0,25781.570312,0.000002,0,-1,-47800.886719],[-1,0,-0.000002,99757.820312,0,1,0,25781.683594,0.000002,0,-1,-47800.359375],[-1,0,-0.000002,122555.328125,0,1,0,25781.679688,0.000002,0,-1,-47800.359375],[-1,0,-0.000002,145352.859375,0,1,0,25781.574219,0.000002,0,-1,-47800.882812]],"id":[31,32,33,34,35,36,37,38,39,45,46,47,48,49,50,51,52,53,54]},"42":{"it":[],"id":[]},"43":{"it":[],"id":[]},"55":{"it":[[1,0,0,160825.578125,0,1,-0.000002,-5.539062,0,0.000002,1,-3.820312],[0.999999,0.000001,-0.000002,325872.5,-0.000001,0.999999,-0.000002,-3.75,0.000002,0.000002,0.999999,-3.292969],[0.999999,0,-0.000001,486094.1875,0,0.999999,-0.000003,-2.265625,0.000001,0.000003,0.999998,-4.636719],[1,0,-0.000002,646918.9375,0,1,-0.000002,-4.292969,0.000002,0.000002,1,-1.332031],[0.999999,0,-0.000001,808047.1875,0,0.999999,-0.000001,-0.914062,0.000001,0.000001,0.999999,-2.304688],[0.999999,0,-0.000002,974002.75,0,0.999999,-0.000002,-2.511719,0.000002,0.000002,0.999998,-3.195312],[0.999999,0,-0.000001,1136340.5,0,0.999999,0,0.300781,0.000001,0,0.999999,-0.6875],[0.999999,0,-0.000002,1296256.5,0,0.999999,-0.000002,-2.609375,0.000002,0.000002,0.999999,-2.125],[0.999999,0,-0.000002,1457080.875,0,0.999999,-0.000002,-1.472656,0.000002,0.000002,0.999999,-1.914062],[1.000001,0,-0.000001,1619121.125,0,1.000002,-0.000001,-3.390625,0.000001,0.000001,1.000001,2.28125],[0.999999,0,-0.000002,1782355.5,0,0.999999,-0.000001,-0.140625,0.000002,0.000001,0.999998,-1.960938],[0.999999,0.000001,-0.000001,1945597.5,-0.000001,0.999999,-0.000002,-2.816406,0.000001,0.000002,0.999999,-3.4375],[0.999999,0,-0.000001,2105787.5,0,0.999999,-0.000002,-1.5625,0.000001,0.000002,0.999999,-3.160156],[0.999999,0,-0.000001,2268158,0,0.999999,-0.000001,0.347656,0.000001,0.000001,0.999999,-0.679688],[0.999999,0,-0.000001,2434109.75,0,0.999999,-0.000001,-1.179688,0.000001,0.000001,0.999999,-2.160156],[1,0.000001,0,2592068,-0.000001,0.999999,-0.000001,-3.613281,0,0.000001,0.999999,-3.839844],[0.999999,-0.000001,-0.000001,2757477,0.000001,0.999999,-0.000001,0.21875,0.000001,0.000001,0.999999,-2.746094],[-0.999999,0,0.000001,4.054199,0,0.999999,-0.000001,0.738281,-0.000001,-0.000001,-0.999998,3.402344],[-1,0.000001,0,-160824.359375,0.000001,1,-0.000002,-2.335938,0,-0.000002,-1,3.53125],[-0.999999,-0.000001,-0.000002,-325878.1875,-0.000001,0.999999,-0.000002,-4.042969,0.000002,-0.000002,-0.999999,7.292969],[-1,0,-0.000001,-486098.15625,0,1,-0.000001,-3.089844,0.000001,-0.000001,-0.999999,4.929688],[-0.999998,0,-0.000001,-646920.5,0,0.999998,-0.000001,-1.46875,0.000001,-0.000001,-0.999998,6.996094],[-0.999999,0,0.000001,-808045.375,0,0.999999,-0.000002,-1.429688,-0.000001,-0.000002,-0.999999,3.21875],[-0.999999,0,0.000001,-974006.1875,0,0.999999,-0.000002,-4.144531,-0.000001,-0.000002,-0.999999,4.683594],[-0.999999,0,0,-1136341.125,0,0.999999,0,0.019531,0,0,-0.999999,2.734375],[-0.999999,0,-0.000001,-1296261.875,0,0.999999,-0.000003,-5.019531,0.000001,-0.000003,-0.999999,8.3125],[-1,0,0,-1457085.125,0,1,-0.000002,-4.648438,0,-0.000002,-1,3.710938],[-1.000001,0,0,-1619121.375,0,1.000001,-0.000002,-6.921875,0,-0.000002,-1.000001,1.410156],[-0.999999,0,0.000001,-1782357.25,0,0.999999,-0.000002,-3.808594,-0.000001,-0.000002,-0.999999,3.875],[-0.999998,0.000001,0.000001,-1945598.875,0.000001,0.999998,-0.000003,-2.296875,-0.000001,-0.000003,-0.999998,6.816406],[-0.999999,0,-0.000001,-2105790,0,0.999999,-0.000002,-2.601562,0.000001,-0.000002,-0.999999,6.800781],[-1,-0.000001,0,-2268157.5,-0.000001,1,-0.000001,-2.882812,0,-0.000001,-0.999999,2.835938],[-0.999999,0,0,-2434109.75,0,0.999999,-0.000001,-0.332031,0,-0.000001,-0.999999,3.957031],[-0.999999,0.000001,0,-2592068.75,0.000001,0.999999,-0.000003,-3.105469,0,-0.000003,-0.999999,6.800781],[-0.999999,0,-0.000001,-2757479.25,0,0.999999,-0.000003,-5.429688,0.000001,-0.000003,-0.999999,8.128906],[0,0,-1,0.394531,-0.000001,1,0,-1.300781,1,0.000001,0,0.024902],[0,0,-0.999998,4.558594,0,0.999998,0,3.328125,0.999998,0,0,160822.453125],[0,0,-0.999999,1.597656,0.000001,0.999999,0,2.519531,0.999999,-0.000001,0,325876.75],[-0.000001,0,-0.999999,1.234375,0,0.999999,0,2.722656,0.999999,0,-0.000001,486095.0625],[0,0,-0.999999,1.921875,-0.000001,0.999999,0,1.023438,0.999999,0.000001,0,646920.1875],[-0.000001,0,-0.999998,3.511719,0,0.999998,0,2.519531,0.999998,0,-0.000001,808045.625],[-0.000001,0,-0.999999,1.230469,0,0.999999,0,1.695312,0.999999,0,-0.000001,974006.8125],[-0.000001,0,-0.999999,1.355469,0,0.999999,0,1.785156,0.999999,0,-0.000001,1136341.375],[0,0,-0.999999,0.886719,0,0.999999,0,1.316406,0.999999,0,0,1296260.5],[0,0,-0.999999,1.53125,0,0.999999,0,1.714844,0.999999,0,0,1457085],[0,0,-1.000001,-0.835938,0,1.000001,0,-2.195312,1.000001,0,0,1619122.5],[0,0,-0.999999,1.476562,0,0.999999,0,1.179688,0.999999,0,0,1782358.75],[0,0,-0.999998,3.429688,0,0.999998,0,1.601562,0.999998,0,0,1945598.625],[-0.000001,0,-0.999999,0.503906,0,0.999999,0,1.886719,0.999999,0,-0.000001,2105789],[-0.000001,0,-0.999999,0.3125,0,0.999999,0,0.78125,0.999999,0,-0.000001,2268157.75],[-0.000001,0,-0.999999,-0.753906,0,1,0,1.152344,1,0,-0.000001,2434109.25],[0,0,-0.999998,4.46875,0,0.999998,0,1.90625,0.999998,0,0,2592065],[-0.000001,0,-0.999998,3.671875,0,0.999998,0,1.988281,0.999998,0,-0.000001,2757475.25],[0,0.000003,1,-6.71875,-0.000001,1,-0.000003,-8.933594,-1,-0.000001,0,3.128418],[0.000001,0.000003,0.999998,-8.992188,0.000001,0.999998,-0.000003,-5.273438,-0.999998,0.000001,0.000001,-160820.453125],[0.000001,0.000003,0.999999,-7.25,0,0.999999,-0.000003,-6.214844,-0.999999,0,0.000001,-325874.8125],[0.000001,0.000003,0.999999,-6.03125,0,0.999999,-0.000003,-6.046875,-0.999999,0,0.000001,-486094.75],[0,0.000003,1,-6.398438,0,1,-0.000003,-7.289062,-1,0,0,-646921.25],[0.000002,0.000003,0.999998,-9.375,0,0.999998,-0.000003,-5,-0.999998,0,0.000002,-808043.1875],[0.000001,0.000003,0.999998,-8.027344,0,0.999999,-0.000003,-5.511719,-0.999999,0,0.000001,-974004.25],[0.000001,0.000003,0.999998,-8.125,0,0.999999,-0.000003,-5.363281,-0.999999,0,0.000001,-1136339.5],[0.000001,0.000003,0.999999,-7.871094,0,0.999999,-0.000003,-6.0625,-0.999999,0,0.000001,-1296257.75],[0.000001,0.000003,0.999998,-8.089844,0,0.999999,-0.000003,-5.628906,-0.999999,0,0.000001,-1457082.5],[0.000001,0.000003,1.000001,-4.972656,0,1.000001,-0.000003,-9.167969,-1.000001,0,0.000001,-1619119.5],[0.000001,0.000003,0.999998,-8.058594,0,0.999999,-0.000003,-5.484375,-0.999999,0,0.000001,-1782356.375],[0.000001,0.000003,0.999998,-9.332031,0,0.999998,-0.000003,-4.816406,-0.999998,0,0.000001,-1945596.625],[0.000002,0.000003,0.999999,-6.023438,0.000001,0.999999,-0.000003,-5.007812,-0.999999,0.000001,0.000002,-2105787.5],[0.000001,0.000003,1,-6.097656,0,1,-0.000003,-6.796875,-1,0,0.000001,-2268158.5],[0.000001,0.000003,0.999998,-9.171875,0,0.999998,-0.000003,-4.65625,-0.999998,0,0.000001,-2434106.25],[0.000001,0.000003,0.999999,-7.941406,-0.000001,0.999999,-0.000003,-6.996094,-0.999999,-0.000001,0.000001,-2592064.75],[0,0.000003,0.999999,-9.433594,-0.000002,0.999999,-0.000003,-7.519531,-0.999999,-0.000002,0,-2757474.75]],"id":[56,57,58,59,60,61,62,63,64,65,66,67,68,69,70,71,72,73,74,75,76,77,78,79,80,81,82,83,84,85,86,87,88,89,90,91,92,93,94,95,96,97,98,99,100,101,102,103,104,105,106,107,108,109,110,111,112,113,114,115,116,117,118,119,120,121,122,123,124,125,126]},"127":{"it":[[1,0,-0.000001,98283.875,0,1,0.000002,19537.802734,0.000001,-0.000002,1,98291.390625],[1,-0.000001,-0.000002,197311.84375,0.000001,1,0.000002,39222.261719,0.000002,-0.000002,1,197319.109375],[0.999999,0.000001,0,297074.21875,-0.000001,1,-0.000003,59040.21875,0,0.000003,1,297072],[1.000001,0.000001,-0.000003,396835.78125,-0.000001,1.000001,0,78870.703125,0.000003,0,1.000001,396845.8125],[1,0,-0.000002,494734.71875,0,1,0.000002,98334.742188,0.000002,-0.000002,1,494744.96875],[0.999998,-0.000001,-0.000002,593966,0.000001,0.999998,-0.000001,118057.53125,0.000002,0.000001,0.999998,593969.6875],[1,-0.000001,-0.000001,695391.75,0.000001,1,0,138215.125,0.000001,0,1,695392.0625],[0.999998,0.000001,-0.000001,794634.8125,-0.000001,0.999998,0.000002,157944.53125,0.000001,-0.000002,0.999998,794641.3125],[1,0,0,-275964.78125,0,1,0,-0.322021,0,0,1,278203.9375],[1,0,-0.000002,-177681.34375,0,1,0.000001,19536.574219,0.000002,-0.000001,1,376493.71875],[0.999999,0,-0.000003,-78657.507812,0,0.999999,0.000004,39225.902344,0.000003,-0.000004,0.999999,475523.65625],[0.999999,0.000002,-0.000002,21103.980469,-0.000002,0.999999,-0.000002,59040.355469,0.000002,0.000002,0.999999,575277.1875],[1.000001,0.000003,-0.000002,120869.617188,-0.000003,1.000001,-0.000002,78865.226562,0.000002,0.000002,1.000001,675046.125],[0.999998,0,-0.000001,218770.09375,0,0.999998,0.000002,98337.34375,0.000001,-0.000002,0.999998,772945.125],[0.999998,0,0,318002.1875,0,0.999998,0,118058.101562,0,0,0.999998,872171.1875],[0.999999,-0.000001,-0.000001,419425.65625,0.000001,0.999999,-0.000002,138211.5625,0.000001,0.000002,0.999999,973592.8125],[0.999997,0,-0.000002,518669,0,0.999997,0.000003,157946.359375,0.000002,-0.000003,0.999997,1072846.125],[-0.019367,0.194907,0.980631,2785994.5,-0.194906,0.961262,-0.194907,-553733.1875,-0.980631,-0.194905,0.019372,-2785990.5],[-0.019367,0.194908,0.980631,2687706.75,-0.194907,0.961262,-0.194907,-534201.9375,-0.980631,-0.194907,0.019372,-2687700.75],[-0.019367,0.194908,0.98063,2588679,-0.194907,0.961261,-0.194907,-514518.875,-0.98063,-0.194907,0.019372,-2588672.75],[-0.019366,0.194905,0.980631,2488921.75,-0.194903,0.961262,-0.194905,-494680.75,-0.980631,-0.194902,0.019372,-2488917.75],[-0.019367,0.194903,0.980631,2389159.75,-0.194905,0.961262,-0.194902,-474851.625,-0.98063,-0.194905,0.01937,-2389150.5],[-0.019367,0.194905,0.98063,2291256.5,-0.194907,0.961261,-0.194905,-455398.3125,-0.98063,-0.194906,0.019372,-2291247.25],[-0.019367,0.194904,0.980629,2192023,-0.194904,0.96126,-0.194904,-435668.625,-0.980629,-0.194904,0.019371,-2192020.5],[-0.019366,0.194906,0.98063,2090604.875,-0.194906,0.961261,-0.194905,-415517.3125,-0.98063,-0.194905,0.019373,-2090595.5],[-0.019366,0.194905,0.980629,1991355.375,-0.194908,0.961259,-0.194904,-395789.21875,-0.980628,-0.194907,0.019373,-1991340.25],[-0.019365,0.194907,0.980631,3061961.75,-0.194906,0.961261,-0.194906,-553731.75,-0.980631,-0.194905,0.019373,-2507784],[-0.019368,0.194908,0.980631,2963669.5,-0.194906,0.961261,-0.194908,-534199.6875,-0.980631,-0.194905,0.019371,-2409500],[-0.019367,0.194907,0.980629,2864642.75,-0.194909,0.96126,-0.194907,-514517.9375,-0.980629,-0.194908,0.019372,-2310465.25],[-0.019368,0.194905,0.98063,2764882.5,-0.194902,0.961261,-0.194905,-494678.5625,-0.980631,-0.194901,0.01937,-2210718],[-0.019367,0.194904,0.980631,2665122,-0.194903,0.961262,-0.194904,-474851.15625,-0.980631,-0.194903,0.01937,-2110951.5],[-0.019366,0.194907,0.98063,2567220.25,-0.194907,0.96126,-0.194906,-455400.375,-0.98063,-0.194907,0.019373,-2013040.75],[-0.019367,0.194906,0.980628,2467985,-0.194905,0.961259,-0.194905,-435671.96875,-0.980629,-0.194904,0.019371,-1913815],[-0.019365,0.194907,0.980631,2366569.75,-0.194904,0.961262,-0.194906,-415517.78125,-0.980631,-0.194904,0.019373,-1812395.75],[-0.019366,0.194905,0.980629,2267319.5,-0.194908,0.961259,-0.194904,-395790,-0.980628,-0.194907,0.019373,-1713136.75],[-1,0.000001,0.000003,4.064453,0.000001,1,0,-0.354004,-0.000003,0,-1,-3.248047],[-1.000001,0.000001,0.000002,-98287.359375,0.000001,1.000001,0,19535.142578,-0.000002,0,-1.000001,-98291.828125],[-1,0.000002,0,-197315.828125,0.000002,1,0.000003,39225.386719,0,0.000003,-1,-197316.203125],[-1,-0.000001,0.000001,-297072.40625,-0.000001,1,-0.000003,59039.609375,-0.000001,-0.000003,-1,-297073.40625],[-1,-0.000002,0.000001,-396835.59375,-0.000002,1,-0.000003,78866.40625,-0.000001,-0.000003,-1,-396838.03125],[-0.999998,0,0.000003,-494731.625,0,0.999998,0.000003,98338.890625,-0.000003,0.000003,-0.999998,-494744.3125],[-0.999998,0,0.000002,-593964.6875,0,0.999998,-0.000001,118056.492188,-0.000002,0,-0.999998,-593968.4375],[-1,-0.000001,0.000003,-695385,-0.000001,1,0.000004,138217.59375,-0.000003,0.000004,-1,-695402.1875],[-0.999998,0,0.000001,-794634.625,0,0.999998,0.000002,157943.953125,-0.000001,0.000002,-0.999998,-794641.1875],[-1,0,0.000001,275966.53125,0,1,0,-0.722412,-0.000001,0,-1,-278205.53125],[-1.000001,0.000001,0.000001,177676.09375,0.000001,1.000001,0,19534.777344,-0.000001,0,-1.000001,-376493.75],[-1,0.000002,0,78649.53125,0.000002,1,0.000002,39222.914062,0,0.000002,-1,-475519.03125],[-0.999999,-0.000001,0.000003,-21103.027344,-0.000001,0.999999,-0.000003,59040.71875,-0.000003,-0.000003,-0.999999,-575277.875],[-0.999999,-0.000002,0.000003,-120867.460938,-0.000002,0.999999,-0.000002,78868.726562,-0.000003,-0.000002,-0.999999,-675043.4375],[-1,0,0.000002,-218771.265625,0,1,0.000002,98335.453125,-0.000002,0.000002,-1,-772948.875],[-0.999998,0,0.000003,-317999,0,0.999998,-0.000001,118055.945312,-0.000003,-0.000001,-0.999998,-872173.1875],[-1.000001,-0.000001,0.000004,-419420.03125,-0.000001,1.000001,0.000004,138216.984375,-0.000004,0.000004,-1.000001,-973608.5],[-0.999998,0,0.000002,-518669.3125,0,0.999998,0.000002,157944.484375,-0.000002,0.000002,-0.999998,-1072846.375],[0.019364,-0.194907,-0.98063,-2785996.75,-0.194905,0.961261,-0.194906,-553732.0625,0.980631,0.194904,-0.019374,2785986.75],[0.019364,-0.194906,-0.980631,-2687712.25,-0.194906,0.961262,-0.194905,-534196.4375,0.980631,0.194905,-0.019374,2687698.75],[0.019364,-0.194908,-0.98063,-2588683,-0.194909,0.96126,-0.194907,-514519.90625,0.98063,0.194908,-0.019376,2588665.75],[0.019364,-0.194906,-0.98063,-2488921.75,-0.194903,0.961261,-0.194905,-494680.46875,0.980631,0.194902,-0.019373,2488915.75],[0.019364,-0.194906,-0.980632,-2389161.5,-0.194904,0.961263,-0.194905,-474856.6875,0.980632,0.194903,-0.019374,2389150.75],[0.019365,-0.194905,-0.980629,-2291257.25,-0.194908,0.96126,-0.194904,-455398.5,0.980629,0.194907,-0.019373,2291242.25],[0.019366,-0.194905,-0.980629,-2192024.25,-0.194905,0.96126,-0.194905,-435672.125,0.980629,0.194904,-0.019372,2192019.5],[0.019367,-0.194906,-0.980631,-2090605.75,-0.19491,0.961261,-0.194905,-415524.34375,0.98063,0.19491,-0.019373,2090589.75],[0.019367,-0.194904,-0.980629,-1991353.75,-0.194907,0.961259,-0.194904,-395787.96875,0.980628,0.194906,-0.019371,1991344.875],[0.019364,-0.194906,-0.980631,-3061964.5,-0.194906,0.961262,-0.194905,-553731.5625,0.980631,0.194905,-0.019375,2507782.75],[0.019365,-0.194906,-0.980631,-2963675,-0.194906,0.961261,-0.194906,-534197.1875,0.980631,0.194906,-0.019373,2409496],[0.019365,-0.194908,-0.98063,-2864646.25,-0.194907,0.96126,-0.194907,-514516.875,0.98063,0.194906,-0.019374,2310466.25],[0.019365,-0.194904,-0.98063,-2764888,-0.194903,0.961261,-0.194903,-494677.6875,0.98063,0.194903,-0.019373,2210711],[0.019365,-0.194905,-0.980631,-2665125.25,-0.194904,0.961263,-0.194904,-474854.1875,0.980632,0.194903,-0.019373,2110948],[0.019367,-0.194905,-0.98063,-2567219.75,-0.194908,0.96126,-0.194905,-455399.15625,0.980629,0.194907,-0.019372,2013042.625],[0.019366,-0.194905,-0.980629,-2467989,-0.194905,0.96126,-0.194904,-435671.5,0.980629,0.194905,-0.019372,1913813.375],[0.019368,-0.194906,-0.980631,-2366568.25,-0.194911,0.961261,-0.194905,-415525.375,0.98063,0.19491,-0.019371,1812388.125],[0.019367,-0.194904,-0.980628,-2267317.5,-0.194908,0.961259,-0.194904,-395788.6875,0.980628,0.194907,-0.019371,1713139.125]],"id":[128,129,130,131,132,133,134,135,136,137,138,139,140,141,142,143,144,145,146,147,148,149,150,151,152,153,154,155,156,157,158,159,160,161,162,163,164,165,166,167,168,169,170,171,172,173,174,175,176,177,178,179,180,181,182,183,184,185,186,187,188,189,190,191,192,193,194,195,196,197,198]},"199":{"it":[[1,-0.000001,0,0.705078,0.000001,1,0,-0.270508,0,0,1,118216.09375],[1,-0.000002,0,1.787109,0.000002,1,0,-0.353516,0,0,1,234662.40625],[0.999997,-0.000002,0,2.818359,0.000002,0.999997,0,2.178711,0,0,0.999997,347586.625],[1.000002,-0.000004,0,2.451172,0.000004,1.000002,-0.000001,-3.950195,0,0.000001,1.000002,460155.65625],[1.000002,-0.000002,0,1.238281,0.000002,1.000002,0,-2.90332,0,0,1.000002,574724.8125],[0,0,1,0.232998,0.000002,1,0,-0.533203,-1,0.000002,0,-1.628906],[0,0,1,118216.601562,0.000002,1,0,-0.228516,-1,0.000002,0,-1.791016],[0,0,1,234662.453125,0.000002,1,0,-0.546875,-1,0.000002,0,-1.669922],[0,0,0.999997,347586.5625,0.000002,0.999997,0,2.270508,-0.999997,0.000002,0,-2.900391],[0,0,1.000002,460156.53125,0.000002,1.000002,0,-2.943359,-1.000002,0.000002,0,-0.970703],[0,0,1.000002,574724.9375,0.000002,1.000002,0,-2.352539,-1.000002,0.000002,0,-0.957031],[-1,0.000002,0,-1.298828,0.000002,1,0,-1.155273,0,0,-1,0.007109],[-1,0.000003,0,-2.939453,0.000003,1,0.000001,-0.631836,0,0.000001,-1,-118216.929688],[-1,0.000002,0,-1.746094,0.000002,1,0,-0.296875,0,0,-1,-234662.03125],[-0.999997,0.000001,0.000001,-2.255859,0.000001,0.999997,0,2.049805,-0.000001,0,-0.999997,-347586.4375],[-1.000002,0,0,0.617188,0,1.000002,0.000001,-1.71582,0,0.000001,-1.000002,-460157.09375],[-1.000002,0.000002,0,-0.914062,0.000002,1.000002,0,-2.609375,0,0,-1.000002,-574724.75],[0,0,-1,0.053399,0.000002,1,0,-0.645508,1,-0.000002,0,1.740234],[0,0,-1,-118216.445312,0.000002,1,0,-0.645508,1,-0.000002,0,1.785156],[0,0,-1,-234662.109375,0.000002,1,0,-0.323242,1,-0.000002,0,1.880859],[-0.000001,0,-0.999997,-347586.3125,0.000002,0.999997,0,2.170898,0.999997,-0.000002,-0.000001,2.974609],[0,0,-1.000002,-460156.21875,0.000002,1.000002,0,-2.879883,1.000002,-0.000002,0,1.033203],[-0.000001,0,-1.000002,-574724.625,0.000002,1.000002,0,-3.048828,1.000002,-0.000002,-0.000001,1.03125]],"id":[200,201,202,203,204,205,206,207,208,209,210,211,212,213,214,215,216,217,218,219,220,221,222]},"223":{"it":[[1.000001,0.000001,0,162338.3125,-0.000001,1.000001,0,-1.910156,0,0,1.000001,0.8125],[1.000001,0.000001,-0.000001,324676.53125,-0.000001,1.000001,0,-2.550781,0.000001,0,1.000001,3.265625],[0.999999,0,-0.000001,487010.625,0,0.999999,-0.000002,-2.394531,0.000001,0.000002,0.999999,-4.789062],[1,0.000001,0,649351.375,-0.000001,1,0,-0.984375,0,0,1,1.820312],[1.000001,0.000001,-0.000001,811690,-0.000001,1.000001,-0.000001,-3.144531,0.000001,0.000001,1.000001,2.121094],[1.000001,0.000001,-0.000001,974027.3125,-0.000001,1.000001,-0.000001,-4.242188,0.000001,0.000001,1.000001,0.511719],[1.000002,0.000001,-0.000001,1136367.125,-0.000001,1.000002,-0.000001,-5.917969,0.000001,0.000001,1.000002,1.882812],[1.000001,0.000001,-0.000001,1298705.25,-0.000001,1.000001,0,-2.925781,0.000001,0,1.000001,2.957031],[1.000001,0.000001,-0.000001,1461043.125,-0.000001,1.000001,-0.000001,-3.570312,0.000001,0.000001,1.000001,1.066406],[1.000001,0.000001,-0.000001,1623380.875,-0.000001,1.000001,-0.000001,-4.558594,0.000001,0.000001,1.000001,1.214844],[1.000002,0.000001,-0.000001,1785720.125,-0.000001,1.000002,0.000001,-1.867188,0.000001,-0.000001,1.000002,5.074219],[1.000001,0.000001,0,1948058.625,-0.000001,1.000001,0,-3.519531,0,0,1.000001,2.4375],[1.000001,0.000001,0,2110396,-0.000001,1.000001,0,-2.089844,0,0,1.000001,1.824219],[1.000001,0.000001,-0.000001,2272734,-0.000001,1.000001,0,-1.6875,0.000001,0,1.000001,3.351562],[1.000002,0.000001,-0.000001,2435073.25,-0.000001,1.000002,0,-3.507812,0.000001,0,1.000002,3.339844],[1,0.000001,-0.000001,2597409.5,-0.000001,1,0,-1.042969,0.000001,0,1,2.171875],[1.000001,0.000001,0,2759749.75,-0.000001,1.000001,0,-1.476562,0,0,1.000001,1.636719],[1,0.000001,-0.000001,2922086.25,-0.000001,1,-0.000001,-3.640625,0.000001,0.000001,1,-0.097656],[-1,-0.000001,-0.000001,1.11788,-0.000001,1,0,-1.703125,0.000001,0,-1,2.027344],[-1.000001,-0.000001,-0.000001,-162340,-0.000001,1.000001,0,-3.03125,0.000001,0,-1.000001,0.007812],[-1,-0.000001,-0.000001,-324675.96875,-0.000001,1,-0.000002,-4.929688,0.000001,-0.000002,-1,3.964844],[-1.000001,-0.000001,-0.000001,-487015.34375,-0.000001,1.000001,-0.000002,-6.148438,0.000001,-0.000002,-1.000001,2.28125],[-1.000001,-0.000001,-0.000001,-649353.9375,-0.000001,1.000001,0,-3.300781,0.000001,0,-1.000001,-1.1875],[-1.000002,-0.000001,-0.000001,-811693.875,-0.000001,1.000002,-0.000001,-5.179688,0.000001,-0.000001,-1.000002,0.210938],[-1.000001,-0.000001,-0.000001,-974029.625,-0.000001,1.000001,0,-2.609375,0.000001,0,-1.000001,1.003906],[-1.000001,-0.000001,-0.000001,-1136368.875,-0.000001,1.000001,-0.000002,-7.328125,0.000001,-0.000002,-1.000001,2.320312],[-1.000001,-0.000001,-0.000001,-1298707.25,-0.000001,1.000001,-0.000002,-6.652344,0.000001,-0.000002,-1.000001,4.347656],[-1.000001,-0.000001,-0.000001,-1461044.5,-0.000001,1.000001,0,-2.449219,0.000001,0,-1.000001,0.65625],[-1.000001,-0.000001,-0.000001,-1623384.25,-0.000001,1.000001,0,-4.269531,0.000001,0,-1.000001,0.457031],[-1.000001,-0.000001,-0.000001,-1785721.375,-0.000001,1.000001,-0.000002,-6.472656,0.000001,-0.000002,-1.000001,3.476562],[-1.000001,-0.000001,-0.000001,-1948060.375,-0.000001,1.000001,0,-3.207031,0.000001,0,-1.000001,0.742188],[-1.000002,-0.000001,-0.000001,-2110399.75,-0.000001,1.000002,0,-4.917969,0.000001,0,-1.000002,-0.398438],[-1.000001,-0.000001,-0.000001,-2272736.25,-0.000001,1.000001,-0.000002,-7.238281,0.000001,-0.000002,-1.000001,2.5],[-1,-0.000001,-0.000001,-2435073,-0.000001,1,0.000001,-0.515625,0.000001,0.000001,-1,1.601562],[-1.000002,-0.000001,-0.000001,-2597413.75,-0.000001,1.000002,0,-4.289062,0.000001,0,-1.000002,0.0625],[-1.000001,-0.000001,-0.000001,-2759751,-0.000001,1.000001,0.000001,-1.992188,0.000001,0.000001,-1.000001,-1.148438],[-1,-0.000001,-0.000001,-2922086.75,-0.000001,1,0.000001,-0.625,0.000001,0.000001,-1,1.296875],[0,0,-1.000002,-2.253906,-0.000001,1.000002,0,-2.667969,1.000002,0.000001,0,2.187251],[0,0,-1.000002,-2.539062,-0.000001,1.000002,0,-2.714844,1.000002,0.000001,0,162340.03125],[0,-0.000004,-1.000002,3.238281,-0.000002,1.000002,-0.000004,-11.816406,1.000002,0.000002,0,324676.84375],[0,-0.000001,-1,0.722656,-0.000001,1,-0.000001,-3.585938,1,0.000001,0,487013.6875],[0,-0.000002,-1.000002,0.511719,0,1.000002,-0.000002,-7.308594,1.000002,0,0,649355.875],[0,-0.000001,-1.000001,-0.261719,-0.000001,1.000001,-0.000001,-5.234375,1.000001,0.000001,0,811691.4375],[0,-0.000002,-1.000002,0.445312,-0.000001,1.000002,-0.000002,-7.542969,1.000002,0.000001,0,974030.625],[0,0,-1.000002,-3.28125,-0.000001,1.000002,0,-3.515625,1.000002,0.000001,0,1136369.25],[0,0,-1.000002,-2.613281,-0.000001,1.000002,0,-2.871094,1.000002,0.000001,0,1298707],[0,0,-1.000002,-2.507812,-0.000001,1.000002,0,-2.828125,1.000002,0.000001,0,1461045.375],[0,0,-1.000002,-2.488281,-0.000001,1.000002,0,-2.808594,1.000002,0.000001,0,1623383.625],[0,0,-1.000002,-3.269531,-0.000001,1.000002,0,-3.511719,1.000002,0.000001,0,1785721.875],[0,0,-1.000001,-0.730469,-0.000001,1.000001,0,-1.976562,1.000001,0.000001,0,1948058.125],[0,0,-1.000001,-1.925781,-0.000001,1.000001,0,-2.507812,1.000001,0.000001,0,2110397.5],[0,-0.000002,-1.000002,0.355469,0,1.000002,-0.000002,-7.605469,1.000002,0,0,2272737.75],[0,0,-1.000003,-4.730469,-0.000001,1.000003,0,-4.761719,1.000003,0.000001,0,2435076.25],[0,-0.000001,-1.000001,-0.015625,-0.000001,1.000001,-0.000001,-6.179688,1.000001,0.000001,0,2597412.25],[0,0,-1.000003,-4.316406,-0.000001,1.000003,0,-4.722656,1.000003,0.000001,0,2759752],[0,-0.000001,-1.000001,-0.335938,-0.000001,1.000001,-0.000001,-6.234375,1.000001,0.000001,0,2922088],[0,-0.000003,1.000001,4.816406,-0.000001,1.000001,0.000003,-0.113281,-1.000001,-0.000001,0,1.440033],[0,-0.000001,0.999999,-0.6875,-0.000001,0.999999,0.000001,0.484375,-0.999999,-0.000001,0,-162333.6875],[0,-0.000003,0.999999,1.265625,0,0.999999,0.000003,5.914062,-0.999999,0,0,-324671.96875],[0,-0.000001,1.000001,2.675781,-0.000001,1.000001,0.000001,-3.320312,-1.000001,-0.000001,0,-487012.34375],[0,0,1.000002,2.417969,-0.000001,1.000002,0,-5.441406,-1.000002,-0.000001,0,-649352.4375],[0,-0.000003,1.000002,6.5,-0.000001,1.000002,0.000003,-1.328125,-1.000002,-0.000001,0,-811691.25],[0,0,1.000002,2.308594,-0.000001,1.000002,0,-5.339844,-1.000002,-0.000001,0,-974028.5],[0,-0.000003,1.000002,5.203125,-0.000001,1.000002,0.000003,-0.035156,-1.000002,-0.000001,0,-1136366.5],[0,-0.000003,1.000001,4.628906,-0.000001,1.000001,0.000003,0.242188,-1.000001,-0.000001,0,-1298704.625],[0,-0.000003,1.000001,4.492188,-0.000001,1.000001,0.000003,0.496094,-1.000001,-0.000001,0,-1461042.5],[0,-0.000003,1.000001,4.65625,-0.000001,1.000001,0.000003,0.214844,-1.000001,-0.000001,0,-1623380.875],[0,-0.000003,1.000001,4.601562,-0.000001,1.000001,0.000003,0.46875,-1.000001,-0.000001,0,-1785718.875],[0,-0.000001,1.000001,2.164062,-0.000001,1.000001,0.000001,-1.917969,-1.000001,-0.000001,0,-1948056.125],[0,-0.000003,1.000001,3.5625,-0.000001,1.000001,0.000003,1.007812,-1.000001,-0.000001,0,-2110394],[0,-0.000002,1.000001,3.589844,-0.000001,1.000001,0.000002,-0.582031,-1.000001,-0.000001,0,-2272733],[0,-0.000003,1.000002,5.113281,-0.000001,1.000002,0.000003,-0.121094,-1.000002,-0.000001,0,-2435072.75],[0,-0.000001,0.999999,-0.621094,-0.000001,0.999999,0.000001,0.9375,-0.999999,-0.000001,0,-2597406.75],[0.000001,-0.000001,0.999999,-0.234375,-0.000001,0.999999,0.000001,0.984375,-0.999999,-0.000001,0.000001,-2759744.5],[0.000001,-0.000002,1,1.523438,-0.000001,1,0.000002,1.140625,-1,-0.000001,0.000001,-2922082.5],[0.707107,0,0.707107,594071.5,-0.000001,1,0.000001,0.882812,-0.707107,-0.000001,0.707107,-1361787.75],[0.707108,0.000002,0.707108,721120.8125,-0.000001,1.000002,-0.000002,-6.886719,-0.707108,0.000001,0.707108,-1488840.5],[-0.707107,-0.000001,0.707106,-1361791.625,-0.000001,1,0,-1.050781,-0.707106,0,-0.707108,-594070.1875],[-0.707108,-0.000002,0.707105,-1488840.875,-0.000001,1,0.000001,0.433594,-0.707105,0,-0.707108,-721119.5],[-0.707107,-0.000001,-0.707109,-594074.8125,-0.000001,1.000002,0,-4.359375,0.707109,0.000001,-0.707107,1361790.75],[-0.707108,-0.000002,-0.707109,-721123.0625,-0.000001,1.000002,-0.000002,-7.753906,0.707109,-0.000001,-0.707108,1488842.25],[0.707108,0.000002,-0.70711,1361783.625,-0.000001,1.000003,0.000002,-3.046875,0.70711,0,0.707108,594078.0625],[0.707109,-0.000001,-0.707107,1488842.5,-0.000001,1.000002,-0.000002,-7.257812,0.707107,0.000002,0.707109,721122.0625]],"id":[224,225,226,227,228,229,230,231,232,233,234,235,236,237,238,239,240,241,242,243,244,245,246,247,248,249,250,251,252,253,254,255,256,257,258,259,260,261,262,263,264,265,266,267,268,269,270,271,272,273,274,275,276,277,278,279,280,281,282,283,284,285,286,287,288,289,290,291,292,293,294,295,296,297,298,299,300,301,302,303,304,305,306]},"307":{"it":[[1,0.000001,0,970197.8125,-0.000001,1,0,-0.224609,0,0,1,-0.292969],[1.000001,0.000001,0,862398.6875,-0.000001,1.000001,0.000003,-4.115234,0,-0.000003,1.000001,3.773438],[1,0.000001,0,754598.4375,-0.000001,1,0,-0.509766,0,0,1,-0.109375],[1.000001,0.000001,0,646798.625,-0.000001,1.000001,0,-1.376953,0,0,1.000001,-1.382812],[1,0.000001,0.000001,538997.8125,-0.000001,1,0.000003,-2.402344,-0.000001,-0.000003,1,3.84375],[1.000001,0.000001,0,431199.125,-0.000001,1.000001,-0.000001,-0.873047,0,0.000001,1.000001,-1.171875],[1,0.000001,0.000001,323398.1875,-0.000001,1,0,-0.394531,-0.000001,0,1,-0.644531],[1.000001,0,0,215599.671875,0,1.000001,-0.000001,-0.421875,0,0.000001,1.000001,-1.832031],[1,0,0,107799.171875,0,1,0,-0.033203,0,0,1,0.730469],[1,0.000001,0,970197.875,-0.000001,1,-0.000004,-27075.882812,0,0.000004,1,3144.476562],[1.000001,0.000001,0,862398.5,-0.000001,1.000002,-0.000003,-27078,0,0.000003,1.000002,3144.472656],[1.000001,0.000001,0,754598.4375,-0.000001,1.000001,-0.000004,-27076.046875,0,0.000004,1.000001,3144.097656],[1.000001,0.000001,0,646798.0625,-0.000001,1.000001,-0.000003,-27077.810547,0,0.000003,1.000001,3145.882812],[1,0.000001,0,538998.25,-0.000001,1,-0.000003,-27076.777344,0,0.000003,1,3146.226562],[1.000001,0.000001,-0.000001,431199.375,-0.000001,1.000001,-0.000003,-27078.101562,0.000001,0.000003,1.000001,3146.085938],[1,0.000001,0.000001,323397.59375,-0.000001,1,-0.000001,-27077.810547,-0.000001,0.000001,1,3148.222656],[1.000001,0.000001,0,215598.96875,-0.000001,1.000001,-0.000003,-27077.681641,0,0.000003,1.000001,3144.957031],[1,0.000001,0,107798.898438,-0.000001,1,-0.000004,-27075.960938,0,0.000004,1,3144.304688],[1,0.000001,0.000001,-2.397204,-0.000001,1,-0.000001,-27078.433594,-0.000001,0.000001,1,3149.25],[0.000001,0.000003,-1.000001,27293.277344,-0.000001,1.000001,0.000003,-3.416016,1.000001,0.000001,0.000001,-13727.162109],[0,0.000003,-0.999998,27290.320312,-0.000001,0.999998,0.000003,0.171875,0.999998,0.000001,0,956471],[0.000002,0.000008,-1,27284.515625,-0.000003,1,0.000008,-7.195312,1,0.000003,0.000002,848668.6875],[0.000001,0.000003,-0.999999,27292.003906,-0.000001,0.999999,0.000003,-1.867188,0.999999,0.000001,0.000001,740871.9375],[0.000001,0.000004,-0.999999,27290.699219,-0.000001,0.999999,0.000004,-1.660156,0.999999,0.000001,0.000001,633071.5625],[0.000001,0.000003,-1,27292.195312,-0.000001,1,0.000003,-1.955078,0.999999,0.000001,0.000001,525272.0625],[0.000001,0.000003,-0.999998,27290.433594,-0.000001,0.999998,0.000003,0.640625,0.999998,0.000001,0.000001,417471.09375],[0.000001,0.000003,-1,27291.714844,-0.000001,1,0.000003,-2.289062,0.999999,0.000001,0.000001,309671.90625],[0.000001,0.000003,-0.999999,27291.804688,-0.000001,0.999999,0.000003,-1.669922,0.999999,0.000001,0.000001,201872.046875],[0.000001,0.000003,-0.999999,27291.640625,-0.000005,0.999999,0.000003,-3.414062,0.999999,0.000005,0.000001,94066.078125],[0.000001,-0.000005,-0.999998,24152.59375,-0.000001,0.999998,-0.000005,-27070.865234,0.999998,0.000001,0.000001,956471.5625],[0.000001,-0.000003,-1,24150.320312,-0.000002,1,-0.000003,-27077.396484,1,0.000002,0.000001,848670.0625],[0.000001,-0.000005,-0.999999,24152.179688,-0.000001,0.999999,-0.000005,-27073.001953,0.999999,0.000001,0.000001,740872.25],[0,-0.000005,-0.999999,24152.601562,0,0.999999,-0.000005,-27073.09375